-16.347601  16.090193
 14.753132  24.710195
-36.328178  4.066453
 25.503188  3.959483
 34.510908  5.396973
-25.970578 -6.756163
-16.409543 -3.842590
-15.045359 -24.394695
 4.030351  14.624150
-23.486834  25.954733
-5.380335  34.541614
 23.866441  14.627250
 16.255971  33.387169
 14.548473 -25.921749
-13.636449  3.501034
 36.910706 -26.012646
 3.224458 -13.707664
-15.591946  25.023443
-35.687608 -25.757634
 24.010971 -33.437950
-3.067051 -15.956559
 13.812108 -3.172639
 34.485948  14.096847
 34.596568 -4.666925
-35.220566  34.164635
 36.704432  23.993793
 13.651558  5.162232
-5.185401 -4.860553
 3.515507  24.256875
-5.547103 -36.139103
 4.234206 -4.853028
-15.364801 -13.108852
-24.871901 -33.930271
 23.798228  36.476800
-34.379790  13.801713
-35.243393  23.851583
-23.397290  33.846657
-16.226180  33.888302
-33.022868 -5.749482
 6.956499  6.151990
 4.355100 -25.554629
 24.189116 -25.416587
-6.509201 -24.843007
-36.161754 -36.394710
-4.540287  23.353794
 16.886483 -33.322999
-23.996575 -16.412066
-25.399134  16.230169
-14.539392 -35.839292
 26.769260  23.408360
 15.028192  14.384901
 3.366155 -33.088094
-4.573050  5.245025
 4.133966  36.454351
 14.977478 -15.037734
-36.640293 -13.297286
 34.307541  34.145847
-23.513801  5.244197
 25.328810 -3.212456
-4.634771  14.571542
 23.244818 -13.249432
-23.683238 -26.890471
 36.494692 -15.430302
 33.479989 -35.375639
