-24.352819 -25.049766
 6.978797  13.994212
 3.146805  24.589849
 26.271388 -14.600324
 14.534283  5.927098
 35.708011  15.957458
-4.790913 -23.374319
-36.473802  6.872830
-14.526345  26.688984
-35.863587 -4.013488
 14.265525 -6.115653
 35.525459 -3.431592
-23.996456  15.245146
 14.226622 -34.433895
 5.048446  6.279498
 35.155596  34.325298
 23.745834 -25.412639
-13.676583 -5.656313
 34.262651 -36.068450
 5.673076 -6.003757
-6.136775  25.911085
-35.487547 -25.971436
 14.659557  14.132875
 5.292978 -13.133871
-26.105813  5.683425
-23.021138  24.680290
-33.160944  33.412122
 33.648233  26.810344
-26.480143 -33.404529
 15.776412 -26.997287
-13.333312  33.128235
 24.091953  26.739810
 26.530893  16.869783
-34.774260 -35.699537
 3.726968 -35.734679
-15.230194 -24.597891
-26.914287 -16.348142
-15.314041  13.282223
-4.224078  34.030892
 5.860390 -23.613409
-33.207447  15.441146
-4.759235  6.437811
 3.868166  34.589639
-14.405908 -14.060355
-16.024086  4.244393
 16.987404 -16.457684
 23.731801 -36.280121
 35.130363 -25.523959
 23.493616  33.790086
 16.051662  26.809095
 24.602648 -5.222384
 33.508212 -15.552226
 33.038110  5.172545
-6.444396 -4.852576
-25.013418  35.606802
-16.319013 -34.652248
-4.984003  15.694136
-24.740188 -3.340098
-33.134013  25.605710
-3.402643 -13.721964
-4.807773 -35.933487
 24.370040  6.953851
-35.286704 -13.131401
 13.239452  33.631959
